Your optimization:
	Average: 133.098230
	Std dev: 0.121820
	Minimum: 130.665000
	Maximum: 137.606700

Before optimization:
	Average: 287.176070
	Std dev: 0.213621
	Minimum: 284.806800
	Maximum: 290.377800

Reference optimization:
	Average: 15.148280
	Std dev: 0.015078
	Minimum: 15.012900
	Maximum: 15.440400

