Your optimization:
	Average: 833.044330
	Std dev: 7.404812
	Minimum: 776.077500
	Maximum: 885.221300

Before optimization:
	Average: 813.307740
	Std dev: 8.498634
	Minimum: 760.646900
	Maximum: 880.697600

Reference optimization:
	Average: 673.448240
	Std dev: 2.233308
	Minimum: 663.750900
	Maximum: 687.300300

