Your optimization:
	Average: 126.868060
	Std dev: 0.037334
	Minimum: 125.062300
	Maximum: 129.461700

Before optimization:
	Average: 289.941930
	Std dev: 0.071951
	Minimum: 287.354800
	Maximum: 292.020500

Reference optimization:
	Average: 16.150680
	Std dev: 0.264613
	Minimum: 15.110300
	Maximum: 22.765200

