Your optimization:
	Average: 285.607640
	Std dev: 0.169922
	Minimum: 284.351200
	Maximum: 287.165300

Before optimization:
	Average: 289.435020
	Std dev: 0.653270
	Minimum: 284.477400
	Maximum: 312.945400

Reference optimization:
	Average: 15.327180
	Std dev: 0.059381
	Minimum: 15.102800
	Maximum: 15.778800

