Your optimization:
	Average: 11.282460
	Std dev: 0.018866
	Minimum: 11.176800
	Maximum: 11.604500

Before optimization:
	Average: 287.181210
	Std dev: 0.641598
	Minimum: 283.837700
	Maximum: 290.920400

Reference optimization:
	Average: 15.107500
	Std dev: 0.154635
	Minimum: 14.849600
	Maximum: 15.596500

