Your optimization:
	Average: 11.566570
	Std dev: 0.070686
	Minimum: 11.388800
	Maximum: 11.825500

Before optimization:
	Average: 299.771700
	Std dev: 0.933789
	Minimum: 295.374000
	Maximum: 307.405700

Reference optimization:
	Average: 16.270090
	Std dev: 0.022417
	Minimum: 15.395300
	Maximum: 20.990400

