Your optimization:
	Average: 116.732330
	Std dev: 0.126893
	Minimum: 115.447100
	Maximum: 118.677100

Before optimization:
	Average: 120.225490
	Std dev: 1.172987
	Minimum: 115.309400
	Maximum: 126.103200

Reference optimization:
	Average: 14.615980
	Std dev: 0.006489
	Minimum: 13.993800
	Maximum: 15.009300

