Your optimization:
	Average: 133.820510
	Std dev: 0.209251
	Minimum: 132.127700
	Maximum: 135.954800

Before optimization:
	Average: 292.052850
	Std dev: 1.589440
	Minimum: 287.026600
	Maximum: 299.597600

Reference optimization:
	Average: 15.536010
	Std dev: 0.059163
	Minimum: 15.135000
	Maximum: 16.266000

