Your optimization:
	Average: 42.993040
	Std dev: 0.077362
	Minimum: 42.608300
	Maximum: 44.239600

Before optimization:
	Average: 121.743380
	Std dev: 0.943870
	Minimum: 117.479200
	Maximum: 144.321900

Reference optimization:
	Average: 14.546370
	Std dev: 0.036660
	Minimum: 14.126900
	Maximum: 15.580600

