Your optimization:
	Average: 43.393440
	Std dev: 0.111673
	Minimum: 42.517800
	Maximum: 44.347300

Before optimization:
	Average: 127.084950
	Std dev: 0.756939
	Minimum: 119.856900
	Maximum: 145.563800

Reference optimization:
	Average: 14.453230
	Std dev: 0.070592
	Minimum: 14.058700
	Maximum: 14.963400

