Your optimization:
	Average: 117.634400
	Std dev: 0.320750
	Minimum: 115.756800
	Maximum: 127.296000

Before optimization:
	Average: 117.403350
	Std dev: 0.303468
	Minimum: 115.974800
	Maximum: 119.874900

Reference optimization:
	Average: 14.356290
	Std dev: 0.012716
	Minimum: 13.967100
	Maximum: 14.657900

