Your optimization:
	Average: 820.523412
	Std dev: 26.739945
	Minimum: 735.964282
	Maximum: 949.901268

Before optimization:
	Average: 881.799355
	Std dev: 10.375047
	Minimum: 635.016531
	Maximum: 935.017673

Reference optimization:
	Average: 24.143810
	Std dev: 0.026096
	Minimum: 24.054438
	Maximum: 24.285383

