Your optimization:
	Average: 121.456120
	Std dev: 0.027853
	Minimum: 119.037100
	Maximum: 125.835200

Before optimization:
	Average: 290.563870
	Std dev: 0.659705
	Minimum: 286.893200
	Maximum: 295.313600

Reference optimization:
	Average: 15.265500
	Std dev: 0.011859
	Minimum: 15.069700
	Maximum: 15.753000

