Your optimization:
	Average: 286.611600
	Std dev: 0.680570
	Minimum: 285.373100
	Maximum: 288.133400

Before optimization:
	Average: 289.704640
	Std dev: 1.438749
	Minimum: 285.767400
	Maximum: 294.362500

Reference optimization:
	Average: 15.372440
	Std dev: 0.342235
	Minimum: 15.102800
	Maximum: 16.137700

